0.877413 0.357011
0.552235 0.591389
0.239377 0.795033
0.356279 0.350253
0.901586 0.991684
0.649213 0.387679
0.370509 0.301452
0.564356 0.642536
0.836316 0.932875
0.749484 0.090981
0.293671 0.799429
0.411116 0.711024
0.554349 0.090918
0.516697 0.237512
0.702621 0.804059
0.231488 0.413473
0.385150 0.257060
0.710926 0.558071
0.824230 0.305389
0.569394 0.791868
0.596508 0.574569
0.702821 0.186904
0.028906 0.530692
0.655184 0.442079
0.529277 0.620507
0.387967 0.423593
0.291409 0.030302
0.136800 0.055698
0.592283 0.836435
0.020974 0.598785
0.334109 0.450265
0.209186 0.309836
0.574431 0.296339
0.738852 0.844510
0.534704 0.605109
0.536493 0.530669
0.981046 0.050056
0.793168 0.819886
0.930437 0.713999
0.611592 0.806494
0.351474 0.530486
0.760556 0.692988
0.900838 0.913568
0.447442 0.476107
0.764975 0.762859
0.251072 0.929668
0.361030 0.410700
0.744833 0.168254
0.991943 0.364353
0.883957 0.690089
0.547620 0.888548
0.931041 0.817959
0.997483 0.572334
0.550321 0.883787
0.729215 0.029069
0.713929 0.335494
0.754372 0.789508
0.232287 0.184001
0.423591 0.265356
0.046011 0.853783
0.572441 0.384250
0.898116 0.552091
0.953543 0.127047
0.643032 0.730018
0.401402 0.734414
0.242868 0.072798
0.423453 0.792096
0.451576 0.727265
0.814165 0.752886
0.294094 0.151142
0.448603 0.708184
0.710244 0.051844
0.627660 0.383176
0.152129 0.371732
0.219271 0.397055
0.498929 0.172267
0.368203 0.803312
0.384486 0.571273
0.731624 0.805048
0.920720 0.595512
0.038437 0.326338
0.843901 0.925052
0.267466 0.813124
0.310969 0.026409
0.892885 0.235684
0.929555 0.098179
0.454849 0.769655
0.118048 0.585934
0.179129 0.043694
0.560997 0.762365
0.491585 0.159254
0.350329 0.014178
0.051669 0.911585
0.384316 0.029032
0.363700 0.770944
0.733918 0.033774
0.115472 0.219141
0.980071 0.599513
0.140846 0.978931
0.975679 0.299575
