0.516200 0.212127
0.744765 0.636804
0.619304 0.848883
0.310833 0.595210
0.832715 0.070927
0.009975 0.350242
0.037700 0.850723
0.277209 0.037861
0.669866 0.237873
0.484167 0.222389
0.459268 0.417395
0.440311 0.320109
0.506150 0.271354
0.322585 0.808088
0.983642 0.732443
0.165123 0.991692
0.759650 0.820671
0.807246 0.097435
0.012450 0.888074
0.245814 0.982190
0.477953 0.261433
0.667117 0.805490
0.311333 0.169261
0.043827 0.598530
0.671690 0.566845
0.074147 0.781667
0.045661 0.231952
0.413136 0.331619
0.014338 0.293810
0.600290 0.480224
0.637600 0.179290
0.822824 0.538543
0.880957 0.812744
0.670680 0.683258
0.542176 0.789745
0.337152 0.316709
0.948511 0.160008
0.298127 0.917608
0.290014 0.401076
0.363264 0.136355
0.830429 0.141868
0.134075 0.257067
0.394386 0.204013
0.326684 0.047824
0.468060 0.568884
0.121176 0.451322
0.970242 0.949584
0.684767 0.530017
0.251685 0.749642
0.282659 0.573021
0.162865 0.323975
0.938265 0.296423
0.093738 0.622726
0.433623 0.624369
0.733820 0.494844
0.551141 0.625141
0.926891 0.155847
0.849428 0.794669
0.401841 0.582983
0.938823 0.029282
0.349664 0.891021
0.176330 0.310204
0.786324 0.063247
0.935016 0.334190
0.392206 0.764716
0.119528 0.067879
0.051070 0.348646
0.397261 0.477849
0.624924 0.581867
0.693764 0.494013
0.595948 0.061507
0.861376 0.600920
0.082584 0.772669
0.071645 0.319701
0.394119 0.745620
0.404946 0.242776
0.726581 0.311049
0.314839 0.214147
0.822492 0.023267
0.130009 0.709982
0.417988 0.923726
0.523297 0.467376
0.083055 0.451044
0.925108 0.933591
0.624089 0.968769
0.187665 0.163722
0.562751 0.578375
0.416849 0.381681
0.331008 0.612554
0.780036 0.537515
0.729540 0.962638
0.271137 0.843537
0.885119 0.184029
0.868200 0.452360
0.412317 0.144800
0.254233 0.151884
0.735885 0.835190
0.288554 0.195419
0.562333 0.839460
0.713796 0.159564
0.302778 0.886678
0.162812 0.028100
0.843780 0.843225
0.390064 0.537095
0.438942 0.487405
0.793697 0.184566
0.651196 0.415309
0.717333 0.207474
0.214251 0.467107
0.724742 0.259458
0.401341 0.134272
0.025879 0.484678
0.990423 0.510736
0.499382 0.176252
0.197208 0.484795
0.304501 0.232226
0.010840 0.033604
0.904477 0.177646
0.211824 0.678406
0.433817 0.608241
0.977735 0.386164
0.733426 0.529385
0.389486 0.462060
0.050488 0.213398
0.339406 0.267365
0.354032 0.878942
0.312107 0.918479
0.452509 0.708172
0.260097 0.475456
0.616273 0.460438
0.328310 0.512157
0.205747 0.215799
0.495226 0.375166
0.885129 0.587229
0.292944 0.884939
0.361855 0.077336
0.644595 0.710159
0.233635 0.123558
0.514657 0.155081
0.447739 0.775248
0.506252 0.639676
0.081295 0.876674
0.759206 0.723691
0.636723 0.091922
0.503650 0.128254
0.813037 0.100831
0.406138 0.842465
0.761575 0.819498
0.408773 0.067449
0.163851 0.554572
0.106518 0.446618
0.079544 0.587455
0.833877 0.758459
0.404264 0.802702
0.539344 0.006922
0.949570 0.624323
0.214492 0.634550
0.611823 0.704351
0.114312 0.404753
0.831819 0.519957
0.256369 0.352198
0.563723 0.278554
0.718595 0.084051
0.269702 0.304759
0.068997 0.629853
0.035750 0.388721
0.855277 0.984112
0.764531 0.412265
0.458371 0.463221
0.542698 0.937440
0.771104 0.007097
0.702974 0.341501
0.101650 0.595988
0.805396 0.512989
0.421222 0.024184
0.747460 0.085510
0.576372 0.374877
0.479528 0.678976
0.368532 0.674262
0.349688 0.642461
0.466876 0.367946
0.931377 0.348525
0.965343 0.459068
0.297409 0.175747
0.020595 0.375048
0.095675 0.934382
0.414963 0.888683
0.454619 0.639472
0.076860 0.709337
0.700688 0.216389
0.560894 0.681281
0.105334 0.935742
0.240897 0.878743
0.395713 0.117690
0.501281 0.271057
0.561100 0.920159
0.525647 0.046313
0.566137 0.831111
0.376271 0.128210
0.942381 0.821922
0.934078 0.898336
0.871208 0.987097
0.925948 0.644925
0.294010 0.894959
0.704654 0.799136
0.789687 0.804624
0.666490 0.591223
0.444825 0.366469
0.192591 0.361472
0.708519 0.416485
0.782199 0.394614
0.271673 0.999304
0.609586 0.811412
0.339703 0.810363
0.081086 0.747442
0.277923 0.834582
0.094658 0.776625
0.500493 0.077090
0.611631 0.295834
0.646655 0.930950
0.838755 0.376971
0.542105 0.907508
0.788408 0.414165
0.178668 0.166888
0.235798 0.746309
0.962076 0.529328
0.124207 0.318930
0.775478 0.422474
0.282807 0.364418
0.985431 0.525396
0.916323 0.025949
0.377450 0.707012
0.701760 0.827953
0.149824 0.224781
0.484663 0.904792
0.517230 0.048920
0.505860 0.939325
0.179797 0.608077
0.809328 0.834347
0.898623 0.214304
0.982852 0.242424
0.685322 0.918336
0.665324 0.213422
0.661086 0.570601
0.318042 0.384086
0.469776 0.419035
0.602066 0.330301
0.239978 0.661719
0.329694 0.930209
0.482510 0.990481
0.365320 0.845152
0.982738 0.311061
0.039437 0.515430
0.701170 0.506063
0.609249 0.389192
0.931129 0.318857
0.050360 0.455260
0.478915 0.179756
0.996213 0.534527
0.429727 0.070192
0.955437 0.199590
0.141702 0.326289
0.031986 0.638550
0.470790 0.620157
0.248940 0.256480
0.870787 0.225366
0.234034 0.316836
0.935680 0.072506
0.463505 0.465121
0.155600 0.031370
0.480524 0.548410
0.142977 0.318248
0.505497 0.746886
0.352146 0.919940
0.637715 0.667306
0.363460 0.450562
0.411335 0.713384
0.132099 0.912829
0.813382 0.744336
0.212099 0.422455
0.997438 0.760406
0.857731 0.072457
0.833938 0.112945
0.077214 0.763557
0.126430 0.526681
0.167843 0.007556
0.792905 0.043094
0.996968 0.422466
0.562290 0.846350
0.309855 0.881321
0.768388 0.817046
0.643334 0.051058
0.637072 0.574048
0.003197 0.363465
0.057217 0.710985
0.323710 0.297145
0.201877 0.911528
0.869173 0.217595
0.523405 0.636351
0.160321 0.921910
0.584712 0.114702
0.712456 0.465303
0.908580 0.444829
0.857580 0.808514
0.527911 0.710028
0.189346 0.318390
0.202051 0.150860
0.717553 0.178283
0.327758 0.599144
0.647977 0.320620
0.418161 0.575613
0.813688 0.580883
0.648983 0.680646
0.175616 0.390415
0.378581 0.166307
0.482967 0.474886
0.736773 0.867927
0.138202 0.705895
0.347208 0.994789
0.546631 0.465137
0.998965 0.631978
0.747295 0.623674
0.615317 0.189286
0.919639 0.513328
0.181074 0.448064
0.439591 0.072812
0.384627 0.303228
0.519022 0.688182
0.606812 0.775164
0.104144 0.115329
0.545932 0.375041
0.631273 0.271650
0.206747 0.447108
0.442470 0.614699
0.200966 0.682838
0.148943 0.287545
0.307777 0.604290
0.996673 0.203711
0.025138 0.447896
0.336598 0.768994
0.406056 0.544881
0.630770 0.993123
0.818811 0.990828
0.036284 0.331133
0.396032 0.124445
0.500339 0.712496
0.844779 0.094364
0.472670 0.865445
0.978268 0.582857
0.795687 0.224635
0.799581 0.576636
0.068007 0.422144
0.218685 0.927437
0.793654 0.605026
0.516336 0.328890
0.927081 0.597020
0.481883 0.251206
0.003240 0.227681
0.746732 0.321507
0.902299 0.989138
0.211218 0.615161
0.440195 0.548801
0.619834 0.332267
0.399071 0.545815
0.278262 0.373493
0.315734 0.529659
0.625371 0.400735
0.331646 0.861261
0.874323 0.070628
0.674529 0.890110
0.219153 0.262700
0.889552 0.745310
0.166673 0.289032
0.767138 0.634138
0.398270 0.268553
0.024804 0.628629
0.192141 0.076646
0.192031 0.538834
0.843748 0.539526
0.820031 0.620830
0.710733 0.832898
0.092358 0.548234
0.478288 0.365685
0.147680 0.287868
0.991918 0.782161
0.942623 0.263394
0.536778 0.099595
0.280448 0.465159
0.756264 0.413592
0.710424 0.970139
0.497204 0.049552
0.363116 0.672802
0.745053 0.516248
0.428406 0.895863
0.469639 0.126301
0.905912 0.949316
0.640551 0.688368
0.461585 0.636809
0.890951 0.247134
0.709588 0.170312
0.309571 0.449768
0.005208 0.947227
0.622897 0.751277
0.882348 0.168482
0.593008 0.336209
0.598297 0.331807
0.801255 0.330488
0.858796 0.221337
0.113980 0.604675
0.688032 0.132811
0.033641 0.228739
0.581048 0.723082
0.827246 0.428464
0.530137 0.053298
0.793688 0.714926
0.252176 0.107040
0.282553 0.710977
0.960416 0.307852
0.109225 0.082488
0.322131 0.335034
0.824558 0.897143
0.822606 0.842213
0.892119 0.679845
0.616308 0.520128
0.202007 0.411357
0.087691 0.313235
0.507436 0.725573
0.766906 0.499141
0.308794 0.600861
0.949846 0.770552
0.429576 0.912211
0.357237 0.421327
0.029589 0.313453
0.434154 0.231383
0.083047 0.052605
0.439145 0.669645
0.412659 0.488448
0.301265 0.589858
0.215513 0.272709
0.333691 0.681012
0.642571 0.389787
0.284144 0.552301
0.400797 0.504729
0.875255 0.481942
0.535405 0.360205
0.942065 0.539838
0.519480 0.284538
0.509217 0.005999
0.529150 0.225357
0.667019 0.749781
0.314758 0.107250
0.903368 0.509442
0.391935 0.726823
0.627672 0.817146
0.371208 0.844870
0.983215 0.651488
0.120750 0.612879
0.686049 0.767759
0.114125 0.979921
0.551325 0.055595
0.753313 0.265958
0.572084 0.204316
0.677088 0.658961
0.900879 0.418164
0.065741 0.995694
0.851208 0.916831
0.735401 0.819882
0.083575 0.481073
0.378679 0.376460
0.470114 0.358860
0.653071 0.896921
0.742050 0.434452
0.944549 0.258318
0.915874 0.680923
0.540990 0.857258
0.666975 0.566098
0.638567 0.330258
0.273546 0.262514
0.073957 0.573139
0.488967 0.223935
0.926189 0.364665
0.717438 0.934119
0.164205 0.783408
0.165499 0.407939
0.329641 0.521900
0.221190 0.330642
0.839105 0.148364
0.172931 0.557918
0.866190 0.343910
0.521813 0.067645
0.920669 0.151842
0.563853 0.353560
0.180818 0.315760
0.622856 0.681804
0.354544 0.854440
0.299870 0.593159
0.345936 0.124019
0.371856 0.527007
0.286129 0.751778
0.519997 0.467420
0.550819 0.990881
0.897219 0.067468
0.231486 0.241706
0.654817 0.794748
0.153404 0.712934
0.939694 0.259292
0.940683 0.454371
0.546567 0.034435
0.817107 0.283496
0.363601 0.961884
0.801252 0.449039
0.985286 0.144144
0.705321 0.227407
0.382954 0.570612
0.879395 0.031588
0.321213 0.598096
0.956247 0.027191
0.287656 0.312121
0.946602 0.696566
0.063560 0.132373
0.910715 0.269498
0.704901 0.893723
0.089339 0.447741
0.625839 0.033740
0.815657 0.390726
0.680959 0.448247
0.749467 0.501023
0.627885 0.038380
0.975878 0.150728
0.118483 0.965780
0.293030 0.123683
0.414744 0.156979
0.576783 0.213519
0.354506 0.653675
0.455094 0.113774
0.702566 0.992529
0.650734 0.463883
0.914282 0.916265
0.258270 0.673647
0.511678 0.367287
0.909661 0.938782
0.726117 0.895662
0.252593 0.681488
0.796975 0.325274
0.416616 0.502484
0.332368 0.765063
0.174403 0.614758
0.435800 0.826738
0.318902 0.644309
0.881741 0.215965
0.371893 0.629470
0.483461 0.700974
0.115445 0.027901
0.938065 0.830693
0.594970 0.549184
0.856541 0.673909
0.181070 0.670930
0.390681 0.281650
0.997099 0.767646
0.854166 0.536870
0.520317 0.884134
0.001620 0.548698
0.446770 0.318959
0.177374 0.772927
0.973478 0.348609
0.374709 0.596065
0.496261 0.619211
0.356752 0.207219
0.347496 0.960243
0.381775 0.200198
0.605336 0.633449
0.748494 0.497685
0.194382 0.320212
0.331096 0.869960
0.467549 0.471923
0.509031 0.532579
0.209816 0.000439
0.413253 0.050582
0.536805 0.669485
0.208400 0.051206
0.474582 0.962921
0.209549 0.052768
0.101829 0.652068
0.992497 0.054256
0.011486 0.761831
0.298143 0.398374
0.506206 0.144144
0.454382 0.820167
0.380433 0.407306
0.243052 0.524045
0.361649 0.521063
0.624775 0.593904
0.284299 0.019821
0.501195 0.034245
0.852144 0.360190
0.741921 0.264576
0.408262 0.654057
0.032610 0.945059
0.476634 0.694731
0.710963 0.598282
0.965255 0.921171
0.649022 0.610187
0.827898 0.724173
0.412988 0.842608
0.670185 0.288371
0.385906 0.270541
0.255281 0.985225
0.273894 0.769167
0.115583 0.184709
0.433204 0.418835
0.508923 0.237182
0.753252 0.470598
0.771338 0.291989
0.409859 0.420591
0.713163 0.565608
0.663292 0.478425
0.081173 0.649704
0.017304 0.082955
0.266752 0.458251
0.478198 0.018186
0.378513 0.452901
0.357090 0.112739
0.517544 0.857091
0.043843 0.468235
0.594413 0.671892
0.447783 0.655084
0.309317 0.440429
0.348144 0.338624
0.980192 0.872698
0.726298 0.354165
0.748388 0.638927
0.262167 0.336473
0.317432 0.867157
0.568830 0.627325
0.787663 0.139499
0.412169 0.334233
0.337999 0.071579
0.116531 0.094068
0.475792 0.880962
0.592699 0.307248
0.326748 0.702872
0.941090 0.351296
0.969079 0.795357
0.380947 0.557022
0.129551 0.191027
0.335378 0.536204
0.653806 0.798839
0.862473 0.786599
0.039328 0.436894
0.264305 0.368245
0.976626 0.786047
0.628486 0.844459
0.282716 0.794124
0.261057 0.611566
0.830676 0.631862
0.454821 0.203344
0.080047 0.904215
0.803856 0.149312
0.595079 0.454452
0.322776 0.490403
0.501281 0.763536
0.958413 0.111231
0.175480 0.643517
0.691964 0.635088
0.590558 0.651269
0.321215 0.745949
0.643271 0.407639
0.185335 0.451184
0.482020 0.797146
0.548820 0.979358
0.321179 0.844642
0.096522 0.719387
0.479564 0.917901
0.008299 0.850497
0.412844 0.788865
0.379674 0.086848
0.323175 0.001348
0.333993 0.266344
0.524073 0.939262
0.031924 0.350065
0.114503 0.966979
0.925736 0.766923
0.673405 0.022231
0.028657 0.937555
0.624337 0.081995
0.673703 0.242134
0.639657 0.993075
0.221726 0.658692
0.954632 0.261678
0.445034 0.791708
0.744094 0.530007
0.860776 0.035132
0.777741 0.633003
0.117399 0.169693
0.414893 0.324599
0.647834 0.781218
0.625521 0.990409
0.194653 0.504891
0.131549 0.922593
0.485322 0.249783
0.950955 0.022615
0.289738 0.238626
0.596879 0.118965
0.327636 0.909754
0.934954 0.439411
0.009992 0.471276
0.234286 0.161157
0.796473 0.171955
0.260992 0.377313
0.030018 0.158959
0.357930 0.264382
0.470035 0.129526
0.330234 0.712993
0.387272 0.851786
0.613478 0.192911
0.006284 0.029362
0.639810 0.163395
0.285520 0.915080
0.537065 0.911242
0.510396 0.540970
0.296894 0.301437
0.941332 0.424981
0.330148 0.559060
0.806578 0.139164
0.891235 0.866205
0.258755 0.179826
0.197894 0.253895
0.524391 0.166990
0.198817 0.996556
0.367331 0.518728
0.848760 0.475390
0.159752 0.395301
0.439277 0.267019
0.308617 0.888738
0.002924 0.035069
0.520756 0.145372
0.059761 0.654911
0.406353 0.352028
0.007222 0.885530
0.218485 0.290983
0.267861 0.817583
0.105447 0.474462
0.904254 0.272955
0.112954 0.706353
0.786289 0.308675
0.314921 0.287001
0.553295 0.986854
0.874351 0.976344
0.551958 0.612318
0.539990 0.261313
0.650694 0.710940
0.069737 0.435347
0.332105 0.124165
0.338413 0.491024
0.747402 0.729051
0.435341 0.851238
0.480130 0.458171
0.886279 0.519993
0.611278 0.490009
0.244628 0.320828
0.303800 0.708022
0.688393 0.509030
0.531853 0.785346
0.932287 0.193204
0.768473 0.542125
0.718403 0.682463
0.415185 0.543784
0.384293 0.087368
0.508000 0.261053
0.523838 0.245956
0.766470 0.496378
0.554200 0.320583
0.365967 0.196369
0.081199 0.216979
0.908072 0.216240
0.315833 0.313830
0.939921 0.079722
0.436277 0.859356
0.030616 0.286734
0.712508 0.790785
0.851244 0.261121
0.414838 0.663272
0.924809 0.602062
0.012975 0.836720
0.713335 0.905305
0.938838 0.062163
0.491639 0.054140
0.234199 0.133727
0.020744 0.545104
0.733327 0.327894
0.378619 0.109667
0.041169 0.938694
0.431932 0.620699
0.459194 0.335613
0.339714 0.031308
0.183874 0.620410
0.168292 0.883689
0.556909 0.139720
0.166628 0.746877
0.881598 0.822224
0.502104 0.794881
0.336422 0.552319
0.289092 0.620440
0.814709 0.566663
0.556074 0.294681
0.098374 0.165599
0.391817 0.629248
0.634082 0.868410
0.887114 0.575033
0.321768 0.509507
0.645764 0.700386
0.148315 0.672045
0.577019 0.731769
0.203276 0.286167
0.401388 0.211065
0.598902 0.180966
0.802694 0.426317
0.083313 0.872405
0.441518 0.906459
0.683511 0.893891
0.108596 0.935634
0.544054 0.531819
0.141522 0.738978
0.237523 0.915343
0.854033 0.219308
0.214547 0.027789
0.134413 0.382910
0.733999 0.356530
0.558001 0.882704
0.568061 0.578827
0.328560 0.428307
0.012219 0.893024
0.114177 0.165082
0.246856 0.347686
0.375653 0.508053
0.894951 0.795646
0.098768 0.331578
0.699499 0.905623
0.936579 0.861994
0.604617 0.000963
0.643835 0.097964
0.165907 0.363232
0.342871 0.092052
0.138495 0.037803
0.598774 0.967094
0.295260 0.109239
0.501378 0.112221
0.013133 0.876191
0.952593 0.605928
0.931942 0.348688
0.139819 0.547360
0.038112 0.015124
0.739655 0.642062
0.854672 0.881896
0.740870 0.084675
0.029326 0.375571
0.901531 0.508652
0.503976 0.815611
0.762457 0.531816
0.621936 0.815126
0.827628 0.216648
0.983155 0.147754
0.991880 0.585473
0.593148 0.330708
0.547246 0.183238
0.867911 0.417178
0.131463 0.564398
0.354968 0.265711
0.795717 0.495418
0.609780 0.859819
0.963349 0.610744
0.527110 0.088024
0.427286 0.237579
0.568541 0.762675
0.691132 0.113634
0.750185 0.555313
0.897389 0.762035
0.958734 0.957002
0.305945 0.358868
0.149349 0.333981
0.786986 0.031384
0.245476 0.642134
0.074696 0.658667
0.108560 0.388205
0.591596 0.411615
0.774693 0.981342
0.498080 0.465369
0.265597 0.705464
0.247710 0.544865
0.672965 0.161129
0.336041 0.222976
0.887996 0.174956
0.119216 0.180736
0.302100 0.855374
0.548332 0.960463
0.040068 0.685318
0.416504 0.095073
0.803629 0.285728
0.247832 0.880753
0.201151 0.758049
0.270911 0.475109
0.518351 0.319665
0.014276 0.449266
0.245240 0.283044
0.937148 0.399894
0.316100 0.297603
0.166051 0.735942
0.942182 0.172652
0.846383 0.294896
0.120886 0.530496
0.837720 0.014658
0.390549 0.000649
0.482620 0.489700
0.166562 0.659296
0.960928 0.873926
0.042391 0.942550
0.305042 0.257695
0.768184 0.317710
0.496343 0.342798
0.229988 0.583653
0.188965 0.966661
0.644205 0.789637
0.514292 0.785873
0.354776 0.411228
0.108073 0.219172
0.074671 0.602708
0.971748 0.571305
0.148609 0.057254
0.030569 0.111703
0.430576 0.249323
0.283320 0.765743
0.667489 0.608112
0.251920 0.991358
0.859524 0.476603
0.033912 0.360081
0.927942 0.547644
0.636839 0.339131
0.162852 0.836651
0.430694 0.779945
0.346198 0.149969
0.493164 0.658591
0.149391 0.438537
0.342052 0.684807
0.390305 0.388488
0.050292 0.498908
0.000997 0.093411
0.021166 0.309651
0.105365 0.677459
0.764818 0.991127
0.435016 0.294145
0.861884 0.853080
0.422029 0.012558
0.926047 0.526585
0.698848 0.720925
0.784527 0.665774
0.408414 0.326845
0.284020 0.456395
0.681758 0.214179
0.099305 0.243218
0.875594 0.128514
0.672726 0.940888
0.679089 0.406259
0.944983 0.276588
0.996823 0.736861
0.851139 0.327922
0.594038 0.453291
0.650465 0.265714
0.850657 0.682856
0.034757 0.688971
0.612145 0.558574
0.616939 0.448019
0.048107 0.090736
0.840280 0.391897
0.633668 0.228968
0.568257 0.047348
0.854003 0.107021
0.616091 0.839308
0.998971 0.455644
0.267186 0.096582
0.462714 0.693366
0.381203 0.751410
0.292110 0.260627
0.045207 0.337957
0.338385 0.349641
0.845315 0.622260
0.257756 0.300526
0.743497 0.954980
0.779834 0.583659
0.232644 0.228331
0.116620 0.468861
0.912772 0.139860
0.120288 0.193956
0.882181 0.318282
0.814528 0.688389
0.369627 0.750356
0.222096 0.682019
0.847040 0.862855
0.990312 0.334846
0.457046 0.559940
0.176583 0.360384
