0.470768 0.674754
0.965093 0.884503
0.671340 0.731977
0.738591 0.067078
0.425493 0.024793
0.592012 0.331051
0.619857 0.978428
0.736515 0.003519
0.447546 0.733207
0.353570 0.704593
0.437783 0.531007
0.430510 0.516065
0.890922 0.493445
0.572597 0.579855
0.667027 0.613248
0.933609 0.551670
0.140405 0.027308
0.849330 0.285535
0.403017 0.543259
0.106952 0.231271
0.476438 0.950982
0.038291 0.289698
0.375049 0.866257
0.785842 0.289301
0.352399 0.725849
0.158090 0.823272
0.558191 0.081660
0.464115 0.917299
0.635081 0.526105
0.597430 0.886168
0.492527 0.421745
0.425100 0.781176
0.609139 0.105221
0.230599 0.030569
0.735515 0.388915
0.557464 0.231652
0.796306 0.993274
0.305728 0.565904
0.123244 0.008604
0.344201 0.977404
0.890141 0.607181
0.219092 0.080044
0.766373 0.004849
0.763069 0.740451
0.357102 0.105867
0.538749 0.421262
0.956533 0.355559
0.086744 0.663306
0.504717 0.072401
0.890775 0.535467
0.408965 0.934523
0.820970 0.487436
0.067643 0.355124
0.571404 0.803263
0.517190 0.197174
0.268995 0.772550
0.612387 0.649807
0.998332 0.771350
0.545480 0.117145
0.460571 0.676248
0.311471 0.654869
0.364479 0.422814
0.934914 0.830654
0.433793 0.063574
0.887828 0.881684
0.107479 0.380813
0.148806 0.695746
0.108071 0.965988
0.780205 0.452012
0.058197 0.690221
0.733275 0.723413
0.236498 0.659294
0.830353 0.464578
0.381534 0.071733
0.518759 0.587649
0.175921 0.880065
0.042791 0.762840
0.672812 0.792977
0.138219 0.671433
0.462964 0.950081
0.217921 0.185968
0.823026 0.551172
0.287857 0.855715
0.434316 0.828321
0.509275 0.635076
0.516227 0.011832
0.406097 0.008397
0.379544 0.360035
0.205678 0.536724
0.472336 0.898092
0.696619 0.380370
0.964718 0.242435
0.289107 0.535734
0.798655 0.775144
0.671237 0.365613
0.915132 0.476525
0.569028 0.499345
0.063366 0.924345
0.638390 0.332414
0.195403 0.324613
0.443986 0.164743
0.954298 0.951513
0.813033 0.482710
0.175225 0.043023
0.591242 0.011983
0.636239 0.023947
0.973707 0.946611
0.519055 0.909555
0.135223 0.194361
0.170072 0.880697
0.842575 0.569117
0.788028 0.315209
0.095585 0.608237
0.607033 0.010631
0.614193 0.096062
0.992370 0.939708
0.165644 0.434364
0.621347 0.642805
0.308811 0.716329
0.582585 0.280365
0.121988 0.732740
0.794545 0.443690
0.875976 0.167353
0.617713 0.053796
0.416023 0.923021
0.914732 0.065774
0.224228 0.860948
0.098935 0.240046
0.748247 0.232523
0.904088 0.942083
0.602649 0.736495
0.706791 0.788630
0.676042 0.443846
0.237885 0.971129
0.010081 0.798508
0.430316 0.256034
0.555744 0.524155
0.968311 0.986846
0.557754 0.545633
0.826360 0.894207
0.369790 0.968136
0.716354 0.158021
0.961142 0.748080
0.897379 0.959571
0.239715 0.936676
0.245065 0.711764
0.586800 0.280548
0.825972 0.262083
0.675784 0.523285
0.477449 0.625546
0.729983 0.967659
0.054454 0.223878
0.864037 0.730298
0.072286 0.182333
0.048814 0.648931
0.447741 0.967028
0.541530 0.986884
0.921150 0.533350
0.330793 0.920334
0.527829 0.199947
0.260552 0.290897
0.179917 0.663006
0.017420 0.259443
0.018148 0.921966
0.092606 0.306598
0.698039 0.400510
0.162720 0.491235
0.186074 0.215625
0.072921 0.000281
0.958861 0.372713
0.751448 0.801552
0.721876 0.646193
0.936288 0.645830
0.894272 0.042700
0.552753 0.755265
0.142388 0.037970
0.945006 0.282243
0.186962 0.228669
0.935084 0.026162
0.957675 0.646878
0.859695 0.955157
0.923572 0.747633
0.318126 0.795612
0.088984 0.998893
0.353791 0.324391
0.712016 0.078458
0.187534 0.027008
0.276257 0.913842
0.422474 0.469559
0.626260 0.188792
0.848260 0.073043
0.463494 0.484082
0.586827 0.975764
0.591824 0.920399
0.342240 0.322842
0.400227 0.027624
0.944010 0.631419
0.075318 0.577436
0.206236 0.845975
0.947420 0.285199
0.364210 0.320223
0.191260 0.612201
0.995607 0.240399
0.826040 0.380823
0.385174 0.939311
0.589481 0.552889
0.749792 0.141337
0.796607 0.315374
0.605091 0.425633
0.736385 0.567884
0.825279 0.098146
0.507992 0.012726
0.624599 0.222565
0.453356 0.311111
0.771860 0.776198
0.503746 0.187963
0.838720 0.768813
0.825581 0.942998
0.177930 0.690802
0.124242 0.557208
0.629482 0.841613
0.844580 0.471551
0.660631 0.930196
0.292914 0.158598
0.760017 0.836281
0.397724 0.808110
0.426603 0.574654
0.424866 0.803929
0.020926 0.314125
0.468008 0.182278
0.079149 0.768727
0.946142 0.930517
0.429673 0.400770
0.657386 0.810584
0.597564 0.653646
0.161937 0.372794
0.533809 0.866910
0.396924 0.963396
0.664439 0.616934
0.462017 0.823172
0.618790 0.973529
0.457066 0.824626
0.766699 0.566245
0.101648 0.001710
0.871184 0.413616
0.621294 0.788741
0.746167 0.184464
0.046307 0.804117
0.798043 0.932409
0.636454 0.089631
0.725437 0.373101
0.618450 0.947613
0.453212 0.458199
0.803044 0.905855
0.584827 0.341012
0.934631 0.884187
0.271379 0.825721
0.818727 0.336793
0.416205 0.045474
0.371238 0.000784
0.560622 0.424175
0.738370 0.894247
0.629463 0.942648
0.547147 0.375945
0.954249 0.351886
0.163875 0.404008
0.637416 0.254456
0.561553 0.612440
0.372710 0.909661
0.027084 0.461931
0.294922 0.208919
0.475280 0.515419
0.296361 0.514856
0.579058 0.839050
0.517985 0.960961
0.273829 0.635613
0.399860 0.368188
0.448980 0.480246
0.758638 0.150740
0.800475 0.947120
0.848978 0.455327
0.885996 0.991034
0.261378 0.306507
0.397660 0.179302
0.810605 0.715298
0.547246 0.756959
0.276943 0.549058
0.244990 0.572333
0.976736 0.457721
0.445390 0.090163
0.659196 0.304772
0.632105 0.075914
0.153212 0.360926
0.918895 0.047646
0.520918 0.984305
0.654707 0.260704
0.214001 0.632963
0.738371 0.815742
0.874279 0.833936
0.072022 0.461983
0.971803 0.167559
0.712234 0.805358
0.431766 0.416626
0.313988 0.925092
0.765752 0.777026
0.404983 0.852492
0.993358 0.429800
0.876434 0.972167
0.817005 0.834177
0.831362 0.168569
0.095724 0.816894
0.592552 0.459713
0.652997 0.905264
0.239700 0.935130
0.849223 0.379693
0.518924 0.046534
0.151133 0.205977
0.347700 0.687396
0.138498 0.348499
0.424393 0.041564
0.002722 0.962531
0.643966 0.881242
0.612429 0.617151
0.120065 0.851121
0.647901 0.009878
0.618549 0.288115
0.139239 0.599928
0.118714 0.295122
0.982369 0.209069
0.035778 0.112425
0.652534 0.917383
0.361877 0.311780
0.386669 0.515803
0.612687 0.975943
0.564044 0.368114
0.002913 0.820332
0.878846 0.782187
0.716287 0.163724
0.168868 0.893522
0.484321 0.761304
0.441217 0.623749
0.942988 0.776114
0.718985 0.492579
0.397582 0.583872
0.822069 0.933720
0.693441 0.681337
0.090827 0.293645
0.863818 0.699830
0.363050 0.876634
0.106079 0.413228
0.222681 0.240350
0.423544 0.673700
0.653033 0.443264
0.962654 0.408612
0.747711 0.098589
0.673800 0.168529
0.059241 0.898926
0.429025 0.228887
0.498386 0.741656
0.140927 0.916882
0.436416 0.707197
0.744507 0.660319
0.808078 0.920537
0.127300 0.236579
0.564798 0.761052
0.223044 0.837603
0.785625 0.976413
0.520259 0.860702
0.117716 0.003481
0.179484 0.785202
0.988641 0.202389
0.801562 0.101405
0.209561 0.769592
0.644259 0.021002
0.171343 0.811484
0.745600 0.617052
0.824916 0.432246
0.979728 0.116821
0.032691 0.717918
0.544691 0.302222
0.679641 0.183251
0.761476 0.360294
0.140604 0.588721
0.349707 0.070107
0.314679 0.032147
0.537846 0.912666
0.458054 0.872699
0.464331 0.546840
0.473377 0.354612
0.330993 0.107034
0.146803 0.763790
0.681223 0.947275
0.063083 0.572517
0.992729 0.781555
0.574574 0.305830
0.498371 0.651761
0.251833 0.797673
0.778446 0.792162
0.701426 0.095779
0.203908 0.253432
0.500873 0.521286
0.752409 0.099316
0.271134 0.292422
0.067688 0.095552
0.583824 0.681163
0.887677 0.073321
0.483329 0.887583
0.127887 0.568440
0.893259 0.688693
0.973955 0.912745
0.072204 0.446882
0.310920 0.685507
0.585473 0.247640
0.696644 0.320461
0.967552 0.777071
0.872947 0.707943
0.364235 0.046773
0.500384 0.831854
0.963921 0.226969
0.401265 0.837578
0.954297 0.658370
0.100353 0.439721
0.073669 0.579039
0.863846 0.247446
0.565435 0.224625
0.754620 0.410389
0.489701 0.738634
0.445320 0.969596
0.897827 0.763988
0.660825 0.435594
0.333663 0.677938
0.157672 0.409670
0.489515 0.179468
0.090470 0.514638
0.615382 0.341643
0.463943 0.507776
0.456762 0.300938
0.124098 0.211372
0.079331 0.471385
0.403214 0.815203
0.928070 0.543465
0.100646 0.180517
0.863897 0.555977
0.955150 0.006492
0.722646 0.013697
0.144254 0.107873
0.149232 0.364460
0.632385 0.596410
0.074087 0.146346
0.381803 0.458935
0.219481 0.769018
0.539044 0.881342
0.450085 0.202782
0.714477 0.680449
0.615149 0.814777
0.383658 0.374646
0.768914 0.213795
0.256616 0.749446
0.301405 0.243516
0.184776 0.255494
0.563489 0.198529
0.805151 0.214276
0.028096 0.928341
0.657544 0.600735
0.893778 0.741632
0.952895 0.122178
0.307248 0.926329
0.519532 0.419308
0.058348 0.260664
0.708979 0.477922
0.683852 0.106186
0.204096 0.758739
0.405823 0.545766
0.739712 0.128042
0.225692 0.557956
0.719554 0.403246
0.797040 0.403652
0.593139 0.215203
0.408023 0.241792
0.642450 0.933002
0.518683 0.487934
0.520584 0.597227
0.818854 0.582845
0.483199 0.164057
0.699169 0.647823
0.758468 0.875313
0.360640 0.969284
0.912389 0.238483
0.527585 0.377225
0.383664 0.925974
0.874148 0.360482
0.586017 0.884247
0.826433 0.196283
0.105684 0.081238
0.360285 0.462412
0.557948 0.614361
0.778987 0.047374
0.608980 0.351626
0.225675 0.177262
0.517871 0.884828
0.862026 0.037608
0.308628 0.336454
0.227750 0.284318
0.343040 0.480927
0.284739 0.109852
0.632695 0.715973
0.045154 0.559143
0.702078 0.651352
0.484568 0.474314
0.194547 0.469901
0.649227 0.788073
0.699122 0.759758
0.480785 0.882722
0.468405 0.216859
0.902367 0.385078
0.796594 0.473223
0.136572 0.077113
0.831405 0.319246
0.059028 0.568003
0.504886 0.757171
0.630391 0.995290
0.085465 0.648091
0.095156 0.301232
0.577219 0.196288
0.687433 0.564948
0.822224 0.152413
0.041837 0.461799
0.697987 0.410952
0.371904 0.168527
0.244345 0.627610
0.748934 0.935979
0.902838 0.588716
0.490959 0.110808
0.306457 0.327415
0.754497 0.603397
0.218796 0.400378
0.911042 0.671280
0.289019 0.313958
0.185735 0.415675
0.262692 0.820154
0.337424 0.573328
0.168393 0.690447
0.867318 0.026653
0.786188 0.619511
0.357719 0.952254
0.396389 0.111018
0.062798 0.681222
0.405683 0.554162
0.800158 0.154169
0.952594 0.212272
0.524930 0.319788
0.005364 0.513779
0.707400 0.947791
0.782731 0.861038
0.780674 0.105407
0.551708 0.153935
0.476666 0.981176
0.986360 0.362888
0.826656 0.830620
0.307694 0.779831
0.966980 0.565413
0.367180 0.025938
0.660873 0.911019
0.685022 0.501303
0.624279 0.117319
0.209228 0.724469
0.326421 0.922575
0.222606 0.928682
0.925206 0.843158
0.392246 0.356892
0.393033 0.889759
0.429638 0.929008
0.690334 0.495419
0.209503 0.342594
0.052193 0.781484
0.481492 0.212135
0.067624 0.284692
0.501355 0.552198
0.251630 0.921916
0.006753 0.766274
0.236890 0.278651
0.967816 0.315757
0.544951 0.273153
0.453656 0.412482
0.136053 0.870207
0.773430 0.403428
0.582212 0.796839
0.774207 0.997646
0.759969 0.146829
0.807720 0.123151
0.417193 0.351719
0.414284 0.995488
0.832602 0.243092
0.214495 0.929856
0.057170 0.834179
0.847975 0.535117
0.903338 0.008469
0.053307 0.190744
0.930963 0.518791
0.144457 0.126663
0.168206 0.572395
0.206316 0.001167
0.201032 0.805917
0.305686 0.603532
0.566806 0.638647
0.893870 0.195629
0.095419 0.833365
0.363181 0.050800
0.955699 0.591059
0.412068 0.948456
0.685297 0.659175
0.472181 0.739281
0.409070 0.742615
0.955583 0.608655
0.783929 0.972522
0.491461 0.334812
0.947421 0.309940
0.639042 0.663494
0.892796 0.539804
0.787091 0.902263
0.245084 0.945224
0.080223 0.975343
0.370697 0.842913
0.248400 0.473834
0.117349 0.907615
0.158373 0.686290
0.251583 0.616756
0.754457 0.201138
0.837955 0.206106
0.810911 0.435084
0.386922 0.243019
0.579325 0.360622
0.587766 0.295954
0.981805 0.780922
0.838363 0.207238
0.474376 0.731858
0.585378 0.160651
0.084901 0.978612
0.696489 0.076191
0.415957 0.118218
0.700460 0.861492
0.595488 0.499655
0.751442 0.702643
0.256677 0.029482
0.600600 0.886762
0.633382 0.943761
0.691187 0.614481
0.768600 0.795905
0.732445 0.882572
0.650801 0.235342
0.753218 0.795267
0.816631 0.633267
0.687910 0.597389
0.588326 0.249510
0.005464 0.313242
0.650365 0.428447
0.756233 0.122268
0.112214 0.262105
0.682197 0.505806
0.552693 0.265045
0.712672 0.758845
0.796359 0.868299
0.250708 0.676517
0.333432 0.958595
0.144613 0.097094
0.362173 0.264290
0.134542 0.511630
0.406274 0.120879
0.865873 0.134906
0.339666 0.036632
0.269066 0.673208
0.437328 0.522894
0.219982 0.521494
0.763021 0.853718
0.915155 0.275847
0.803539 0.775999
0.323220 0.256687
0.763925 0.703961
0.406783 0.204026
0.349256 0.600757
0.548197 0.428109
0.175953 0.575199
0.758285 0.477139
0.179248 0.203026
0.798753 0.818306
0.513278 0.719848
0.307087 0.119217
0.476436 0.526821
0.376957 0.463831
0.936993 0.900346
0.817674 0.240385
0.582618 0.403467
0.492996 0.498324
0.072323 0.259412
0.722590 0.287081
0.830490 0.866596
0.718721 0.861631
0.790011 0.709655
0.426231 0.668065
0.865218 0.152499
0.935644 0.706967
0.315153 0.987058
0.847235 0.213259
0.443858 0.155379
0.578158 0.588180
0.276771 0.762877
0.625235 0.172439
0.950902 0.357029
0.222770 0.759131
0.561405 0.458481
0.667760 0.710812
0.118233 0.500464
0.824121 0.167233
0.084000 0.657662
0.963073 0.108518
0.687764 0.527045
0.148574 0.973168
0.839364 0.260956
0.834707 0.121075
0.005044 0.546623
0.206162 0.678817
0.847502 0.776493
0.063509 0.207807
0.782128 0.860232
0.731657 0.195451
0.856076 0.391914
0.552947 0.585291
0.517957 0.304870
0.015568 0.434179
0.913296 0.721893
0.463480 0.312833
0.314574 0.439886
0.635824 0.250724
0.174510 0.375784
0.991755 0.867035
0.077414 0.344515
0.890939 0.826527
0.555784 0.739924
0.220431 0.912454
0.337988 0.046095
0.985431 0.818230
0.097740 0.619136
0.714397 0.225409
0.187204 0.848484
0.268287 0.857554
0.152952 0.631953
0.789171 0.977949
0.057645 0.080216
0.075245 0.233621
0.760162 0.504089
0.627262 0.839024
0.343056 0.031935
0.975675 0.839733
0.818607 0.654711
0.668270 0.599889
0.093330 0.102619
0.474851 0.716651
0.925744 0.720009
0.948519 0.280764
0.273280 0.424146
0.472380 0.774403
0.991636 0.908630
0.315982 0.925792
0.323477 0.483719
0.027581 0.524647
0.993304 0.333484
0.696307 0.543325
0.011421 0.513688
0.232591 0.905631
0.482304 0.714459
0.835698 0.898554
0.811352 0.668293
0.243978 0.531765
0.708824 0.096585
0.196456 0.115542
0.300955 0.256876
0.773641 0.949857
0.475580 0.478162
0.930937 0.295664
0.313262 0.553069
0.589790 0.734024
0.084787 0.493402
0.109738 0.609497
0.832017 0.949509
0.828764 0.501321
0.991493 0.544099
0.629860 0.569202
0.868794 0.477605
0.168496 0.180123
0.026553 0.024868
0.478654 0.438401
0.810151 0.961880
0.164384 0.113271
0.302523 0.536487
0.279320 0.986616
0.973088 0.328441
0.298362 0.828040
0.165764 0.231858
0.293743 0.045266
0.357106 0.837077
0.541944 0.554946
0.808022 0.689142
0.308444 0.572281
0.831139 0.256545
0.484032 0.827411
0.400780 0.956573
0.079434 0.182352
0.243644 0.252559
0.324255 0.744353
0.865660 0.663504
0.261743 0.349840
0.194130 0.508020
0.282642 0.727688
0.644144 0.342204
0.999418 0.741399
0.454400 0.345016
0.226382 0.856814
0.079916 0.354940
0.601755 0.385321
0.277801 0.868117
0.564477 0.112083
0.277083 0.070878
0.981561 0.634641
0.084754 0.898513
0.711059 0.109300
0.547583 0.187331
0.781218 0.131045
0.262844 0.218506
0.668148 0.157290
0.811034 0.339886
0.362339 0.226594
0.069753 0.895907
0.528640 0.720543
0.560321 0.395941
0.084780 0.570308
0.877328 0.707846
0.950307 0.618990
0.256207 0.076188
0.550814 0.816636
0.245045 0.933554
0.901575 0.546930
0.264229 0.798563
0.740228 0.662845
0.561165 0.035624
0.229891 0.743136
0.697180 0.889205
0.212132 0.672359
0.239861 0.999293
0.853421 0.894183
0.776453 0.554950
0.799262 0.591077
0.712593 0.349283
0.626900 0.603018
0.575516 0.261888
0.470558 0.113706
0.702016 0.113712
0.182382 0.004812
0.258824 0.414527
0.287793 0.307138
0.516702 0.254630
0.295699 0.362114
0.179422 0.480073
0.632042 0.147894
0.354952 0.334692
0.579384 0.721356
0.448535 0.952383
0.125770 0.880685
0.855988 0.439517
0.552861 0.962717
0.840432 0.800107
0.926313 0.155105
0.386800 0.625241
0.390674 0.825402
0.145831 0.293545
0.316546 0.147489
0.802932 0.410820
0.899533 0.740346
0.337129 0.354770
0.768507 0.124977
0.671485 0.084599
0.524963 0.552387
0.158751 0.825530
0.905768 0.158804
0.194622 0.844680
0.438339 0.463936
0.005886 0.297467
0.040325 0.943856
0.321856 0.042630
0.005084 0.782176
0.204889 0.399186
0.209800 0.931518
0.789396 0.050040
0.184810 0.301815
0.058651 0.684704
0.890723 0.232845
0.074846 0.517495
0.664193 0.405433
0.270188 0.517806
0.813684 0.999093
0.505519 0.045455
0.773348 0.213454
0.607758 0.596848
0.556134 0.236630
0.008668 0.536606
0.486500 0.365760
0.924768 0.014528
0.838619 0.263275
0.241895 0.749189
0.057722 0.267004
0.897764 0.997166
0.700219 0.263079
0.092038 0.820858
0.092525 0.877624
0.095781 0.718015
0.978985 0.646591
0.780805 0.782585
0.106088 0.382614
0.244328 0.829144
0.773149 0.173634
0.065436 0.332147
0.868892 0.320066
0.797303 0.606415
0.808888 0.045628
0.272683 0.386729
0.090555 0.001525
0.180111 0.852091
0.890424 0.424480
0.154384 0.184167
0.242649 0.306187
0.317255 0.949605
0.858243 0.085091
0.802912 0.952380
0.571265 0.180956
0.307715 0.715020
0.731214 0.158491
0.114775 0.416488
0.600126 0.428421
0.361351 0.939713
0.958384 0.172645
0.540665 0.663194
0.675016 0.614754
0.359650 0.768813
0.956240 0.847962
0.110216 0.131914
0.350314 0.179583
0.654080 0.309925
0.357207 0.354531
0.969768 0.752224
0.668411 0.079848
0.965329 0.116668
0.645180 0.988122
0.921410 0.497127
0.632787 0.549703
0.496725 0.441569
0.103846 0.471975
0.701593 0.871698
0.425542 0.808462
0.625101 0.402825
0.253610 0.341426
0.987572 0.106607
0.170146 0.798641
0.782404 0.459485
0.202874 0.118369
0.369993 0.076085
0.290203 0.286123
0.391311 0.839570
0.589474 0.232630
0.779869 0.209835
0.765000 0.904476
0.968149 0.815670
0.038044 0.897235
0.108256 0.918439
0.832632 0.975448
0.756390 0.972534
0.309089 0.394647
0.006894 0.301781
0.941473 0.187688
0.504009 0.861212
0.565556 0.480972
0.108097 0.160022
0.000788 0.465707
0.247980 0.684251
0.432674 0.865184
0.152177 0.576663
0.231249 0.611115
0.219196 0.906498
0.776853 0.970386
0.760681 0.593213
0.166159 0.548174
0.231091 0.936022
0.379417 0.434158
0.843719 0.745004
0.604141 0.255685
0.165249 0.269709
0.930955 0.054996
0.879673 0.477692
0.564097 0.717253
0.417280 0.748039
0.022072 0.141899
0.555559 0.713950
